Sref = 0.273000 
Cref = 0.210000 
Bref = 1.300000 
X_cg = 0.045000 
Y_cg = 0.000175 
Z_cg = -0.325000 
Mach = 0.000000 
AoA = -10.000000, -9.000000, -8.000000, -7.000000, -6.000000, -5.000000, -4.000000, -3.000000, -2.000000, -1.000000, 0.000000, 1.000000, 2.000000, 3.000000, 4.000000, 5.000000, 6.000000, 7.000000, 8.000000, 9.000000, 10.000000, 11.000000, 12.000000, 13.000000, 14.000000, 15.000000 
Beta = 0.000000 
Vinf = 12.000000 
Rho = 1.225500 
ReCref = 150000.000000 
ClMax = -999.000000 
MaxTurningAngle = -1.000000 
Symmetry = NO 
FarDist = -1.000000 
NumWakeNodes = 64 
WakeIters = 4 
NumberOfControlGroups = 0 
Preconditioner = Matrix 
Karman-Tsien Correction = Y 
Stability Type = 1 
NumberOfQuadTrees = 3 
1 2 0.000000 
2 2 0.300000 
3 2 0.550000 
